[gd_scene load_steps=8 format=3 uid="uid://b0yua74dbmywr"]

[ext_resource type="PackedScene" uid="uid://ckhvfyhreuwrp" path="res://Player_Character/S_PlayerCharacter.tscn" id="1_5gfxn"]
[ext_resource type="PackedScene" uid="uid://di2pirwy4n1ky" path="res://Level/Tiles/Danger_Area/S_Danger_Area.tscn" id="2_ujtmv"]

[sub_resource type="Environment" id="Environment_63jx7"]
background_mode = 1
background_color = Color(0.317647, 0.541176, 0.713726, 1)
ambient_light_source = 3
ambient_light_color = Color(0.0392157, 0.0392157, 0.0392157, 1)
ambient_light_sky_contribution = 0.17
tonemap_mode = 2

[sub_resource type="StandardMaterial3D" id="StandardMaterial3D_pwsha"]
uv1_offset = Vector3(0.5, 0, 0)

[sub_resource type="BoxMesh" id="BoxMesh_v0dv4"]
material = SubResource("StandardMaterial3D_pwsha")
size = Vector3(8, 1, 4)

[sub_resource type="BoxShape3D" id="BoxShape3D_01tyf"]
size = Vector3(8, 1, 4)

[sub_resource type="BoxShape3D" id="BoxShape3D_0ex21"]
size = Vector3(20, 1, 20)

[node name="S_Level_Final_Demo" type="Node3D"]

[node name="WorldEnvironment" type="WorldEnvironment" parent="."]
environment = SubResource("Environment_63jx7")

[node name="DirectionalLight3d" type="DirectionalLight3D" parent="WorldEnvironment"]
transform = Transform3D(-4.37114e-08, 0.707107, -0.707107, 0, 0.707107, 0.707107, 1, 3.09086e-08, -3.09086e-08, -3.32541, 2.1958, 0)
light_energy = 0.2
shadow_enabled = true
directional_shadow_mode = 0

[node name="DirectionalLight3d2" type="DirectionalLight3D" parent="WorldEnvironment"]
transform = Transform3D(1, 0, 0, 0, 0.707107, 0.707107, 0, -0.707107, 0.707107, -3.32541, 2.1958, 0)
light_energy = 0.2
shadow_enabled = true
directional_shadow_mode = 0

[node name="DirectionalLight3d3" type="DirectionalLight3D" parent="WorldEnvironment"]
transform = Transform3D(-4.37114e-08, -0.707107, 0.707107, 0, 0.707107, 0.707107, -1, 3.09086e-08, -3.09086e-08, -3.32541, 2.1958, 16)
light_energy = 0.2
shadow_enabled = true
directional_shadow_mode = 0

[node name="DirectionalLight3d4" type="DirectionalLight3D" parent="WorldEnvironment"]
transform = Transform3D(-1, 6.18173e-08, -6.18173e-08, 0, 0.707107, 0.707107, 8.74228e-08, 0.707107, -0.707107, -3.32541, 2.1958, 16)
light_energy = 0.2
shadow_enabled = true
directional_shadow_mode = 0

[node name="StaticBody3D" type="StaticBody3D" parent="."]
transform = Transform3D(1, 0, 0, 0, 1, 0, 0, 0, 1, -1.93009, -0.5, 0)

[node name="MeshInstance3D" type="MeshInstance3D" parent="StaticBody3D"]
mesh = SubResource("BoxMesh_v0dv4")

[node name="CollisionShape3D" type="CollisionShape3D" parent="StaticBody3D"]
shape = SubResource("BoxShape3D_01tyf")

[node name="Label3D" type="Label3D" parent="StaticBody3D"]
transform = Transform3D(1, 0, 0, 0, 0.707107, 0.707107, 0, -0.707107, 0.707107, -0.188515, 1.36712, -0.821245)
text = "Demo End.
Please Exit to Main Menu"

[node name="Player_Character" parent="." instance=ExtResource("1_5gfxn")]
transform = Transform3D(1, 0, 0, 0, 1, 0, 0, 0, 1, -2.14243, 0.788702, 0)
enable_wallrun = false

[node name="playerSpawnPoint" type="Node3D" parent="."]
transform = Transform3D(1, 0, 0, 0, 1, 0, 0, 0, 1, -2.14243, 0.425246, 0)

[node name="Danger_Area" parent="." instance=ExtResource("2_ujtmv")]
transform = Transform3D(1, 0, 0, 0, 1, 0, 0, 0, 1, -1.58752, -3.02539, 0)

[node name="triggerCollision" parent="Danger_Area" index="0"]
shape = SubResource("BoxShape3D_0ex21")

[editable path="Danger_Area"]
