[gd_scene load_steps=11 format=3 uid="uid://6rt5c5odir28"]

[ext_resource type="PackedScene" uid="uid://s05c20f50p7d" path="res://Player_Character/S_PlayerCharacter.tscn" id="1_ponkc"]
[ext_resource type="MeshLibrary" uid="uid://igtk5abse8xh" path="res://Level/Tiles_Set/mesh_lib/set_proto.tres" id="2_l3nk1"]
[ext_resource type="PackedScene" uid="uid://cc7uecnf8r3uj" path="res://Level/Tiles/Platform/S_Platform.tscn" id="3_jvudy"]
[ext_resource type="PackedScene" uid="uid://biog60ajpy1ju" path="res://Level/Tiles/Hook_target/S_HookTarget.tscn" id="4_ak558"]
[ext_resource type="PackedScene" uid="uid://di2pirwy4n1ky" path="res://Level/Tiles/Danger_Area/S_Danger_Area.tscn" id="5_7gst4"]
[ext_resource type="PackedScene" uid="uid://hftwbtthilru" path="res://Level/Tiles/Platform/S_Ascending_Platform.tscn" id="6_5l8ve"]
[ext_resource type="PackedScene" uid="uid://wycb6glgigjg" path="res://Level/Tiles/Rotate_Camera/S_rotate_camera.tscn" id="7_ivvlo"]

[sub_resource type="Environment" id="Environment_kqsia"]
background_mode = 1
background_color = Color(0.317647, 0.541176, 0.713726, 1)
ambient_light_source = 3
ambient_light_color = Color(0.0392157, 0.0392157, 0.0392157, 1)
ambient_light_sky_contribution = 0.17
tonemap_mode = 2

[sub_resource type="BoxShape3D" id="BoxShape3D_74mnf"]
size = Vector3(300, 1, 300)

[sub_resource type="BoxShape3D" id="BoxShape3D_w4ysy"]
size = Vector3(1, 1, 1.27858)

[node name="Node3D" type="Node3D"]

[node name="Player_Character" parent="." instance=ExtResource("1_ponkc")]
transform = Transform3D(1, 0, 0, 0, 1, 0, 0, 0, 1, -7.09296, 5.21129, 0.197508)

[node name="playerSpawnPoint" type="Node3D" parent="."]
transform = Transform3D(-0.30705, -0.0224806, -0.951428, 0.125629, 0.990015, -0.0639359, 0.943365, -0.139158, -0.30116, -6.90435, 0.981276, -0.213281)

[node name="lighting" type="Node3D" parent="."]

[node name="DirectionalLight3d" type="DirectionalLight3D" parent="lighting"]
transform = Transform3D(-4.37114e-08, 0.707107, -0.707107, 0, 0.707107, 0.707107, 1, 3.09086e-08, -3.09086e-08, -3.32541, 2.1958, 0)
light_energy = 0.2
shadow_enabled = true
directional_shadow_mode = 0

[node name="DirectionalLight3d2" type="DirectionalLight3D" parent="lighting"]
transform = Transform3D(1, 0, 0, 0, 0.707107, 0.707107, 0, -0.707107, 0.707107, -3.32541, 2.1958, 0)
light_energy = 0.2
shadow_enabled = true
directional_shadow_mode = 0

[node name="DirectionalLight3d3" type="DirectionalLight3D" parent="lighting"]
transform = Transform3D(-4.37114e-08, -0.707107, 0.707107, 0, 0.707107, 0.707107, -1, 3.09086e-08, -3.09086e-08, -3.32541, 2.1958, 16)
light_energy = 0.2
shadow_enabled = true
directional_shadow_mode = 0

[node name="DirectionalLight3d4" type="DirectionalLight3D" parent="lighting"]
transform = Transform3D(-1, 6.18173e-08, -6.18173e-08, 0, 0.707107, 0.707107, 8.74228e-08, 0.707107, -0.707107, -3.32541, 2.1958, 16)
light_energy = 0.2
shadow_enabled = true
directional_shadow_mode = 0

[node name="WorldEnvironment" type="WorldEnvironment" parent="lighting"]
environment = SubResource("Environment_kqsia")

[node name="GridMap" type="GridMap" parent="."]
transform = Transform3D(1, 0, 0, 0, 1, 0, 0, 0, 1, 64.1857, 0, 0)
mesh_library = ExtResource("2_l3nk1")
cell_size = Vector3(0.5, 0.5, 0.5)
cell_scale = 0.25
data = {
"cells": PackedInt32Array(65390, 65535, 1048576, 65390, 0, 1048576, 65390, 1, 1048576, 65390, 2, 1048576, 65390, 3, 1048580, 65390, 65534, 1048576, 65390, 65533, 4, 65391, 3, 655360, 65392, 3, 655360, 65393, 3, 655360, 65394, 3, 655360, 65395, 3, 655360, 65396, 3, 655360, 65397, 2, 1441792, 65397, 1, 1441792, 65397, 0, 1441792, 65397, 65535, 1441792, 65397, 65533, 1441796, 65397, 65534, 1441792, 65396, 2, 1048577, 65395, 2, 1048577, 65394, 2, 1048577, 65393, 2, 1048577, 65392, 2, 1048577, 65391, 2, 1048577, 65391, 1, 1048577, 65391, 0, 1048577, 65391, 65535, 1048577, 65391, 65534, 1048577, 65392, 65534, 1048577, 65393, 65534, 1048577, 65394, 65534, 1048577, 65395, 65534, 1048577, 65396, 65534, 1048577, 65396, 65535, 1048577, 65396, 0, 1048577, 65396, 1, 1048577, 65395, 1, 1048577, 65394, 1, 1048577, 65393, 1, 1048577, 65392, 1, 1048577, 65392, 0, 1048577, 65392, 65535, 1048577, 65393, 65535, 1048577, 65394, 65535, 1048577, 65395, 65535, 1048577, 65395, 0, 1048577, 65394, 0, 1048577, 65393, 0, 1048577, 65397, 3, 655364, 65391, 65533, 0, 65392, 65533, 0, 65393, 65533, 0, 65394, 65533, 0, 65395, 65533, 0, 65396, 65533, 0, 130926, 65533, 1441797, 130927, 65533, 1441797, 130928, 65533, 1441797, 130925, 65534, 1441797, 130924, 65534, 1441797, 130931, 65532, 1441797, 130932, 65532, 1441797, 130933, 65532, 1441797, 196469, 65532, 1441797, 196468, 65532, 1441797, 196462, 65533, 1441797, 196461, 65534, 1441797, 196463, 65533, 1441797, 262005, 65532, 1441797, 261997, 65534, 1441797, 261998, 65533, 1441797, 327534, 65533, 1441797, 393071, 65533, 1441797, 393072, 65532, 1441797, 65388, 65535, 1441798, 65389, 65535, 1441797, 65388, 0, 1441798, 65388, 1, 1441798, 65388, 2, 1441797, 130925, 0, 1441796, 130924, 0, 0, 130925, 1, 655364, 130924, 1, 655360, 393121, 65532, 655365, 393122, 65532, 655365, 393123, 65532, 655365, 393124, 65532, 655365, 458658, 65532, 655365, 458659, 65532, 655365, 458660, 65532, 655365, 524195, 65532, 655365, 524196, 65532, 655365, 458657, 65532, 655365, 524194, 65532, 655365, 524193, 65532, 655365, 524192, 65532, 655365, 524191, 65532, 655365, 458656, 65532, 655365, 589729, 65532, 655365, 589730, 65532, 655365, 589731, 65532, 655365, 589732, 65532, 655365, 655267, 65532, 655365, 655268, 65532, 655365, 655269, 65532, 655365, 655270, 65532, 655365, 589733, 65532, 6, 720805, 65532, 6, 720806, 65532, 6, 720807, 65532, 6, 720808, 65532, 6, 720809, 65532, 6, 720810, 65532, 6, 720811, 65532, 6, 655271, 65532, 6, 655272, 65532, 6, 655273, 65532, 6, 655274, 65532, 6, 589738, 65532, 6, 524203, 65532, 6, 458668, 65532, 6, 524204, 65532, 6, 589739, 65532, 6, 589740, 65532, 6, 655275, 65532, 6, 655276, 65532, 6, 589734, 65532, 6, 589735, 65532, 6, 589736, 65532, 6, 589737, 65532, 6, 524197, 65532, 6, 524198, 65532, 6, 524199, 65532, 6, 524200, 65532, 6, 524201, 65532, 6, 524202, 65532, 6, 458661, 65532, 6, 458667, 65532, 6, 327598, 65534, 0, 327599, 65534, 0, 327600, 65534, 0, 327601, 65534, 0, 327602, 65534, 0, 327603, 65534, 0, 327604, 65534, 655361, 327605, 65534, 655361, 327606, 65534, 655361, 327598, 0, 655360, 327599, 0, 655360, 327600, 0, 655360, 327601, 0, 655360, 327602, 0, 655360, 327603, 0, 655360, 327604, 0, 655360, 327605, 0, 655360, 327606, 0, 655360, 327598, 65535, 655361, 327599, 65535, 655361, 327600, 65535, 655361, 327601, 65535, 655361, 327602, 65535, 655361, 327603, 65535, 655361, 327604, 65535, 655361, 327605, 65535, 655361, 327606, 65535, 655361, 327597, 0, 1048580, 327597, 65534, 4, 327597, 65535, 1048576, 393143, 65533, 6, 393142, 65533, 6, 393144, 65533, 6, 393145, 65533, 6, 458679, 65533, 6, 458680, 65533, 6, 458681, 65533, 6, 393141, 65533, 6, 393140, 65533, 6, 524216, 65533, 6, 524217, 65533, 6, 327607, 0, 655360, 327608, 0, 655360, 327609, 0, 655360, 327610, 0, 655360, 327611, 0, 1048577, 327607, 65534, 655361, 327604, 65533, 655361, 327605, 65533, 655361, 327606, 65533, 655361, 327607, 65533, 655361, 327607, 65535, 655361, 327608, 65534, 655361, 327609, 65534, 655361, 327608, 65535, 655361, 327609, 65535, 655361, 327610, 65535, 655361, 327611, 65535, 655361, 327610, 65534, 655361, 327612, 0, 1048577, 327604, 5, 1048580, 327605, 2, 0, 327606, 2, 0, 327604, 4, 1048576, 327605, 5, 655360, 327606, 5, 655360, 327607, 5, 655364, 327607, 2, 1441796, 327607, 3, 1441792, 327607, 4, 1441792, 327604, 3, 1048576, 327604, 2, 4, 196532, 2, 4, 196532, 3, 1048576, 196532, 4, 1048576, 196532, 5, 1048580, 196533, 2, 0, 196533, 5, 655360, 196534, 2, 0, 196534, 5, 655360, 196535, 2, 1441796, 196535, 3, 1441792, 196535, 4, 1441792, 196535, 5, 655364, 65460, 2, 4, 65460, 3, 1048576, 65460, 4, 1048576, 65460, 5, 1048580, 65461, 2, 0, 65461, 5, 655360, 65462, 2, 0, 65462, 5, 655360, 65463, 2, 1441796, 65463, 3, 1441792, 65463, 4, 1441792, 65463, 5, 655364, -65612, 2, 4, -65612, 3, 1048576, -65612, 4, 1048576, -65612, 5, 1048580, -65611, 2, 0, -65611, 5, 655360, -65610, 2, 0, -65610, 5, 655360, -65609, 2, 1441796, -65609, 3, 1441792, -65609, 4, 1441792, -65609, 5, 655364, -196684, 2, 4, -196684, 3, 1048576, -196684, 4, 1048576, -196684, 5, 1048580, -196683, 2, 0, -196683, 5, 655360, -196682, 2, 0, -196682, 5, 655360, -196681, 2, 1441796, -196681, 3, 1441792, -196681, 4, 1441792, -196681, 5, 655364, -458824, 0, 1441793, -458826, 0, 1441793, -458825, 0, 1441793, -458827, 0, 1441793, -458827, 1, 1441793, -458827, 2, 1441793, -458827, 3, 1441793, -458827, 4, 1441793, -458827, 5, 1441793, -458827, 6, 1441793, -458827, 7, 1441793, -458827, 8, 1441793, -458827, 9, 655361, -458827, 10, 1441793, -458824, 1, 1441793, -458825, 1, 1441793, -458826, 1, 1441793, -458826, 2, 1441793, -458826, 3, 1441793, -458826, 4, 1441793, -458826, 5, 1441793, -458825, 5, 1441793, -458825, 4, 1441793, -458825, 3, 1441793, -458825, 2, 1441793, -458824, 2, 1441793, -458824, 3, 1441793, -458825, 6, 1441793, -458826, 6, 1441793, -458825, 7, 1441793, -458826, 7, 1441793, -458826, 8, 1441793, -458825, 8, 1441793, -458826, 9, 1441793, -458826, 10, 1441793, -458825, 10, 1441793, -458825, 9, 1441793, -458824, 9, 1441793, -458824, 8, 1441793, -458824, 10, 1441793, -458828, 0, 655361, -458828, 1, 655361, -458828, 2, 655361, -458828, 3, 655361, -458828, 4, 655361, -458828, 5, 655361, -458828, 6, 655361, -458828, 7, 655361, -458829, 0, 655361, -458829, 1, 655361, -458829, 2, 655361, -458829, 3, 655361, -458829, 4, 655361, -458829, 5, 655361, -458829, 6, 655361, -458828, 8, 655361, -458829, 7, 655361, -458829, 8, 655361, -458829, 9, 655361, -458828, 9, 655361, -458828, 10, 655361, -458829, 10, 655361, -458824, 7, 1441793, -458824, 6, 1441793, -458824, 5, 1441793, -458824, 4, 1441793, 327611, 1, 1048580, 327612, 1, 655360, 327612, 65535, 1048577, 327611, 65534, 1048577, 327612, 65534, 1048577, 327613, 65534, 1048577, 327613, 65535, 1048577, 327613, 0, 1048577, 327614, 65535, 1048577, 327614, 0, 1048577, 327615, 0, 1048577, 327615, 1, 655360, 327614, 1, 655360, 327613, 1, 655360, 720838, 8, 131078, 720838, 9, 131078, 720838, 10, 131078, 720838, 11, 131078, 720838, 12, 131078, 720838, 13, 131078, 786374, 9, 131078, 786374, 10, 131078, 851910, 11, 131078, 851910, 12, 131078, 851910, 13, 131078, 917446, 12, 131078, 917446, 13, 131078, 786374, 11, 131078, 786374, 13, 131078, 786374, 12, 131078, 655302, 8, 131078, 655302, 9, 131078, 655302, 10, 131078, 655302, 12, 131078, 655302, 13, 131078, 589766, 13, 131078)
}
metadata/_editor_floor_ = Vector3(0, 8, 0)

[node name="S_Platform" parent="." instance=ExtResource("3_jvudy")]
transform = Transform3D(1, 0, 0, 0, 0.887711, -0.460401, 0, 0.460401, 0.887711, -9.80662, 1.06922, 0.741845)

[node name="S_Platform2" parent="." instance=ExtResource("3_jvudy")]
transform = Transform3D(0.779043, -0.288658, -0.556569, 0, 0.887711, -0.460401, 0.626971, 0.358672, 0.691565, -8.41357, -0.805212, -5.88018)

[node name="S_Platform3" parent="." instance=ExtResource("3_jvudy")]
transform = Transform3D(0.450985, 0.556737, -0.697608, -0.635232, 0.749265, 0.187302, 0.626971, 0.358672, 0.691565, -5.80717, -2.75798, -7.15425)

[node name="S_Platform10" parent="." instance=ExtResource("3_jvudy")]
transform = Transform3D(-0.651661, -0.389827, -0.650672, -0.635232, 0.749265, 0.187302, 0.414511, 0.535385, -0.735897, 7.80385, -2.75798, -7.15425)

[node name="S_Platform11" parent="." instance=ExtResource("3_jvudy")]
transform = Transform3D(-0.651661, -0.389827, -0.650672, -0.635232, 0.749265, 0.187302, 0.414511, 0.535385, -0.735897, 7.80385, -11.9664, -7.15425)

[node name="S_Platform20" parent="." instance=ExtResource("3_jvudy")]
transform = Transform3D(-0.651661, -0.389827, -0.650672, -0.635232, 0.749265, 0.187302, 0.414511, 0.535385, -0.735897, 22.0101, -6.49037, -7.15425)

[node name="S_Platform21" parent="." instance=ExtResource("3_jvudy")]
transform = Transform3D(-0.930701, 0.0729334, 0.358436, 0.21268, 0.905152, 0.36806, -0.297595, 0.418786, -0.857937, 25.7778, -2.94671, -7.15425)

[node name="S_Platform12" parent="." instance=ExtResource("3_jvudy")]
transform = Transform3D(-0.651661, -0.389827, -0.650672, 0.159022, 0.76855, -0.619712, 0.741654, -0.507313, -0.438843, -1.46414, -10.961, -7.15425)

[node name="S_Platform4" parent="." instance=ExtResource("3_jvudy")]
transform = Transform3D(-0.30705, -0.0224805, -0.951428, -0.379601, 0.919645, 0.100777, 0.87271, 0.392107, -0.290911, -3.18853, 0.859307, -0.614839)

[node name="S_Platform5" parent="." instance=ExtResource("3_jvudy")]
transform = Transform3D(-0.30705, -0.0224806, -0.951428, 0.313254, 0.941625, -0.123344, 0.898661, -0.335912, -0.282084, -2.17762, 1.17076, 2.3405)

[node name="S_Platform6" parent="." instance=ExtResource("3_jvudy")]
transform = Transform3D(-0.30705, -0.0224806, -0.951428, 0.125629, 0.990015, -0.0639359, 0.943365, -0.139158, -0.30116, -0.872034, 1.51731, 2.3405)

[node name="S_Platform7" parent="." instance=ExtResource("3_jvudy")]
transform = Transform3D(-0.30705, -0.0224806, -0.951428, 0.125629, 0.990015, -0.0639359, 0.943365, -0.139158, -0.30116, 3.71585, 1.51731, -0.413642)

[node name="S_Platform8" parent="." instance=ExtResource("3_jvudy")]
transform = Transform3D(-0.30705, -0.0224806, -0.951428, -0.244447, 0.968043, 0.0560162, 0.919764, 0.249773, -0.302733, 4.50398, 1.59888, 1.08639)

[node name="S_Platform9" parent="." instance=ExtResource("3_jvudy")]
transform = Transform3D(-0.30705, -0.0224806, -0.951428, 0.523674, 0.830773, -0.188633, 0.794661, -0.556157, -0.243317, 6.49927, 1.59888, 2.97202)

[node name="S_Platform14" parent="." instance=ExtResource("3_jvudy")]
transform = Transform3D(1, 0, 0, 0, 1, 0, 0, 0, 1, 7.92732, 1.08665, 0.617731)

[node name="S_Platform15" parent="." instance=ExtResource("3_jvudy")]
transform = Transform3D(0.875566, 0, -0.483099, 0, 1, 0, 0.483099, 0, 0.875566, 12.4265, 1.08665, 0.473631)

[node name="S_Platform16" parent="." instance=ExtResource("3_jvudy")]
transform = Transform3D(0.875566, 0, -0.483099, 0, 1, 0, 0.483099, 0, 0.875566, 13.7147, 1.32195, 0.473631)

[node name="S_Platform17" parent="." instance=ExtResource("3_jvudy")]
transform = Transform3D(0.939527, -0.341251, -0.0289223, 0.339381, 0.93904, -0.0549994, 0.0459278, 0.0418578, 0.998067, 15.5045, 1.81302, -0.752412)

[node name="S_Platform19" parent="." instance=ExtResource("3_jvudy")]
transform = Transform3D(0.939527, -0.341251, -0.0289223, 0.301923, 0.865183, -0.400376, 0.161652, 0.367431, 0.915894, 18.4447, 5.3356, -2.34562)

[node name="S_HookTarget" parent="." instance=ExtResource("4_ak558")]
transform = Transform3D(1, 0, 0, 0, 1, 0, 0, 0, 1, 1.12436, 2.44084, 1.4507)

[node name="S_HookTarget2" parent="." instance=ExtResource("4_ak558")]
transform = Transform3D(1, 0, 0, 0, 1, 0, 0, 0, 1, 10.7295, 2.047, -0.288056)

[node name="Danger_Area" parent="." instance=ExtResource("5_7gst4")]

[node name="triggerCollision" parent="Danger_Area" index="0"]
transform = Transform3D(1, 0, 0, 0, 1, 0, 0, 0, 1, 0, -6.8742, 0)
shape = SubResource("BoxShape3D_74mnf")

[node name="Asending_Platform" parent="." instance=ExtResource("6_5l8ve")]
transform = Transform3D(0.893742, -0.0317479, -0.447456, -0.19391, 0.872138, -0.449192, 0.404504, 0.488228, 0.773311, 28.876, 0, -10.0348)

[node name="endPos" parent="Asending_Platform" index="1"]
transform = Transform3D(1, 0, 0, 0, 1, 0, 0, 0, 1, -1.728, 8.039, 0.6)

[node name="startPos" parent="Asending_Platform" index="2"]
transform = Transform3D(1, 0, 0, 0, 1, 0, 0, 0, 1, -0.413, -14.975, 0.6)

[node name="Asending_Platform2" parent="." instance=ExtResource("6_5l8ve")]
transform = Transform3D(0.626108, 0.462525, 0.627742, -0.19391, 0.872138, -0.449193, -0.755241, 0.159518, 0.635741, 12.664, 0, -10.0348)

[node name="endPos" parent="Asending_Platform2" index="1"]
transform = Transform3D(1, 0, 0, 0, 1, 0, 0, 0, 1, -1.728, 8.039, 0.6)

[node name="startPos" parent="Asending_Platform2" index="2"]
transform = Transform3D(1, -7.45058e-09, -2.98023e-08, 7.45058e-09, 1, -7.45058e-08, 0, 0, 1, 2.31291, -27.2352, 6.91459)

[node name="Asending_Platform3" parent="." instance=ExtResource("6_5l8ve")]
transform = Transform3D(0.626108, 0.462525, 0.627742, -0.19391, 0.872138, -0.449193, -0.755241, 0.159518, 0.635741, -1.39132, -3.5951, -10.0348)

[node name="endPos" parent="Asending_Platform3" index="1"]
transform = Transform3D(1, -7.45058e-09, -2.98023e-08, 7.45058e-09, 1, -7.45058e-08, 0, 0, 1, -4.10326, 18.7221, -4.90229)

[node name="startPos" parent="Asending_Platform3" index="2"]
transform = Transform3D(1, -7.45058e-09, -2.98023e-08, 7.45058e-09, 1, -7.45058e-08, 0, 0, 1, 2.13018, -26.4133, 6.49129)

[node name="move_timer" parent="Asending_Platform3" index="4"]
wait_time = 10.0

[node name="S_Platform13" parent="." instance=ExtResource("3_jvudy")]
transform = Transform3D(0.892373, -0.157458, 0.422939, 0, 0.93716, 0.348899, -0.451298, -0.311348, 0.836297, 32.6245, 2.68188, 1.906)

[node name="S_Platform18" parent="." instance=ExtResource("3_jvudy")]
transform = Transform3D(0.892373, -0.157458, 0.422939, 0.175546, 0.984464, -0.00387993, -0.415757, 0.0777074, 0.90615, 34.5283, 3.58726, 2.87874)

[node name="S_Platform22" parent="." instance=ExtResource("3_jvudy")]
transform = Transform3D(0.892373, -0.157458, 0.422939, 0.175546, 0.984464, -0.00387993, -0.415757, 0.0777074, 0.90615, 34.5283, 3.58726, 2.87874)

[node name="S_rotate_camera" parent="." instance=ExtResource("7_ivvlo")]
transform = Transform3D(1, 0, 0, 0, 1, 0, 0, 0, 1, 34.6797, 4.11337, 2.95481)
angle = -90

[node name="CollisionShape3D" parent="S_rotate_camera" index="0"]
transform = Transform3D(1, 0, 0, 0, 1, 0, 0, 0, 1, 0, 0.297051, 0.117606)
shape = SubResource("BoxShape3D_w4ysy")

[editable path="Danger_Area"]
[editable path="Asending_Platform"]
[editable path="Asending_Platform2"]
[editable path="Asending_Platform3"]
[editable path="S_rotate_camera"]
