[gd_scene load_steps=14 format=3 uid="uid://6rt5c5odir28"]

[ext_resource type="PackedScene" uid="uid://s05c20f50p7d" path="res://Player_Character/S_PlayerCharacter.tscn" id="1_ponkc"]
[ext_resource type="MeshLibrary" uid="uid://igtk5abse8xh" path="res://Level/Tiles_Set/mesh_lib/set_proto.tres" id="2_l3nk1"]
[ext_resource type="PackedScene" uid="uid://cc7uecnf8r3uj" path="res://Level/Tiles/Platform/S_Platform.tscn" id="3_jvudy"]
[ext_resource type="PackedScene" uid="uid://biog60ajpy1ju" path="res://Level/Tiles/Hook_target/S_HookTarget.tscn" id="4_ak558"]
[ext_resource type="PackedScene" uid="uid://di2pirwy4n1ky" path="res://Level/Tiles/Danger_Area/S_Danger_Area.tscn" id="5_7gst4"]
[ext_resource type="PackedScene" uid="uid://hftwbtthilru" path="res://Level/Tiles/Platform/S_Ascending_Platform.tscn" id="6_5l8ve"]
[ext_resource type="PackedScene" uid="uid://wycb6glgigjg" path="res://Level/Tiles/Rotate_Camera/S_rotate_camera.tscn" id="7_ivvlo"]
[ext_resource type="PackedScene" uid="uid://d4lo38bos3mu3" path="res://Level/Switch/S_multi_switch_manager.tscn" id="8_ek08c"]
[ext_resource type="PackedScene" uid="uid://beo18etyx3uhi" path="res://Level/Switch/S_multi_switch.tscn" id="9_b715d"]

[sub_resource type="Environment" id="Environment_kqsia"]
background_mode = 1
background_color = Color(0.317647, 0.541176, 0.713726, 1)
ambient_light_source = 3
ambient_light_color = Color(0.0392157, 0.0392157, 0.0392157, 1)
ambient_light_sky_contribution = 0.17
tonemap_mode = 2

[sub_resource type="BoxShape3D" id="BoxShape3D_74mnf"]
size = Vector3(300, 1, 300)

[sub_resource type="BoxShape3D" id="BoxShape3D_w4ysy"]
size = Vector3(1, 1, 1.27858)

[sub_resource type="BoxShape3D" id="BoxShape3D_3eqrp"]

[node name="Node3D" type="Node3D"]

[node name="Player_Character" parent="." instance=ExtResource("1_ponkc")]
transform = Transform3D(1, 0, 0, 0, 1, 0, 0, 0, 1, 34.3935, 6.97697, 2.95265)

[node name="playerSpawnPoint" type="Node3D" parent="."]
transform = Transform3D(-0.30705, -0.0224806, -0.951428, 0.125629, 0.990015, -0.0639359, 0.943365, -0.139158, -0.30116, -6.90435, 0.981276, -0.213281)

[node name="lighting" type="Node3D" parent="."]

[node name="DirectionalLight3d" type="DirectionalLight3D" parent="lighting"]
transform = Transform3D(-4.37114e-08, 0.707107, -0.707107, 0, 0.707107, 0.707107, 1, 3.09086e-08, -3.09086e-08, -3.32541, 2.1958, 0)
light_energy = 0.2
shadow_enabled = true
directional_shadow_mode = 0

[node name="DirectionalLight3d2" type="DirectionalLight3D" parent="lighting"]
transform = Transform3D(1, 0, 0, 0, 0.707107, 0.707107, 0, -0.707107, 0.707107, -3.32541, 2.1958, 0)
light_energy = 0.2
shadow_enabled = true
directional_shadow_mode = 0

[node name="DirectionalLight3d3" type="DirectionalLight3D" parent="lighting"]
transform = Transform3D(-4.37114e-08, -0.707107, 0.707107, 0, 0.707107, 0.707107, -1, 3.09086e-08, -3.09086e-08, -3.32541, 2.1958, 16)
light_energy = 0.2
shadow_enabled = true
directional_shadow_mode = 0

[node name="DirectionalLight3d4" type="DirectionalLight3D" parent="lighting"]
transform = Transform3D(-1, 6.18173e-08, -6.18173e-08, 0, 0.707107, 0.707107, 8.74228e-08, 0.707107, -0.707107, -3.32541, 2.1958, 16)
light_energy = 0.2
shadow_enabled = true
directional_shadow_mode = 0

[node name="WorldEnvironment" type="WorldEnvironment" parent="lighting"]
environment = SubResource("Environment_kqsia")

[node name="GridMap" type="GridMap" parent="."]
transform = Transform3D(1, 0, 0, 0, 1, 0, 0, 0, 1, 64.1857, 0, 0)
mesh_library = ExtResource("2_l3nk1")
cell_size = Vector3(0.5, 0.5, 0.5)
cell_scale = 0.25
data = {
"cells": PackedInt32Array(65390, 65535, 1048576, 65390, 0, 1048576, 65390, 1, 1048576, 65390, 2, 1048576, 65390, 3, 1048580, 65390, 65534, 1048576, 65390, 65533, 4, 65391, 3, 655360, 65392, 3, 655360, 65393, 3, 655360, 65394, 3, 655360, 65395, 3, 655360, 65396, 3, 655360, 65397, 2, 1441792, 65397, 1, 1441792, 65397, 0, 1441792, 65397, 65535, 1441792, 65397, 65533, 1441796, 65397, 65534, 1441792, 65396, 2, 1048577, 65395, 2, 1048577, 65394, 2, 1048577, 65393, 2, 1048577, 65392, 2, 1048577, 65391, 2, 1048577, 65391, 1, 1048577, 65391, 0, 1048577, 65391, 65535, 1048577, 65391, 65534, 1048577, 65392, 65534, 1048577, 65393, 65534, 1048577, 65394, 65534, 1048577, 65395, 65534, 1048577, 65396, 65534, 1048577, 65396, 65535, 1048577, 65396, 0, 1048577, 65396, 1, 1048577, 65395, 1, 1048577, 65394, 1, 1048577, 65393, 1, 1048577, 65392, 1, 1048577, 65392, 0, 1048577, 65392, 65535, 1048577, 65393, 65535, 1048577, 65394, 65535, 1048577, 65395, 65535, 1048577, 65395, 0, 1048577, 65394, 0, 1048577, 65393, 0, 1048577, 65397, 3, 655364, 65391, 65533, 0, 65392, 65533, 0, 65393, 65533, 0, 65394, 65533, 0, 65395, 65533, 0, 65396, 65533, 0, 130926, 65533, 1441797, 130927, 65533, 1441797, 130928, 65533, 1441797, 130925, 65534, 1441797, 130924, 65534, 1441797, 130931, 65532, 1441797, 130932, 65532, 1441797, 130933, 65532, 1441797, 196469, 65532, 1441797, 196468, 65532, 1441797, 196462, 65533, 1441797, 196461, 65534, 1441797, 196463, 65533, 1441797, 262005, 65532, 1441797, 261997, 65534, 1441797, 261998, 65533, 1441797, 327534, 65533, 1441797, 393071, 65533, 1441797, 393072, 65532, 1441797, 65388, 65535, 1441798, 65389, 65535, 1441797, 65388, 0, 1441798, 65388, 1, 1441798, 65388, 2, 1441797, 130925, 0, 1441796, 130924, 0, 0, 130925, 1, 655364, 130924, 1, 655360, 393121, 65532, 655365, 393122, 65532, 655365, 393123, 65532, 655365, 393124, 65532, 655365, 458658, 65532, 655365, 458659, 65532, 655365, 458660, 65532, 655365, 524195, 65532, 655365, 524196, 65532, 655365, 458657, 65532, 655365, 524194, 65532, 655365, 524193, 65532, 655365, 524192, 65532, 655365, 524191, 65532, 655365, 458656, 65532, 655365, 589729, 65532, 655365, 589730, 65532, 655365, 589731, 65532, 655365, 589732, 65532, 655365, 655267, 65532, 655365, 655268, 65532, 655365, 655269, 65532, 655365, 655270, 65532, 655365, 589733, 65532, 6, 720805, 65532, 6, 720806, 65532, 6, 720807, 65532, 6, 720808, 65532, 6, 720809, 65532, 6, 720810, 65532, 6, 720811, 65532, 6, 655271, 65532, 6, 655272, 65532, 6, 655273, 65532, 6, 655274, 65532, 6, 589738, 65532, 6, 524203, 65532, 6, 458668, 65532, 6, 524204, 65532, 6, 589739, 65532, 6, 589740, 65532, 6, 655275, 65532, 6, 655276, 65532, 6, 589734, 65532, 6, 589735, 65532, 6, 589736, 65532, 6, 589737, 65532, 6, 524197, 65532, 6, 524198, 65532, 6, 524199, 65532, 6, 524200, 65532, 6, 524201, 65532, 6, 524202, 65532, 6, 458661, 65532, 6, 458667, 65532, 6, 327598, 65534, 0, 327599, 65534, 0, 327600, 65534, 0, 327601, 65534, 0, 327602, 65534, 0, 327603, 65534, 0, 327604, 65534, 655361, 327605, 65534, 655361, 327606, 65534, 655361, 327598, 0, 655360, 327599, 0, 655360, 327600, 0, 655360, 327601, 0, 655360, 327602, 0, 655360, 327603, 0, 655360, 327604, 0, 655360, 327605, 0, 655360, 327606, 0, 655360, 327598, 65535, 655361, 327599, 65535, 655361, 327600, 65535, 655361, 327601, 65535, 655361, 327602, 65535, 655361, 327603, 65535, 655361, 327604, 65535, 655361, 327605, 65535, 655361, 327606, 65535, 655361, 327597, 0, 1048580, 327597, 65534, 4, 327597, 65535, 1048576, 393143, 65533, 6, 393142, 65533, 6, 393144, 65533, 6, 393145, 65533, 6, 458679, 65533, 6, 458680, 65533, 6, 458681, 65533, 6, 393141, 65533, 6, 393140, 65533, 6, 524216, 65533, 6, 524217, 65533, 6, 327607, 0, 655360, 327608, 0, 655360, 327609, 0, 655360, 327610, 0, 655360, 327611, 0, 1048577, 327607, 65534, 655361, 327604, 65533, 655361, 327605, 65533, 655361, 327606, 65533, 655361, 327607, 65533, 655361, 327607, 65535, 655361, 327608, 65534, 655361, 327609, 65534, 655361, 327608, 65535, 655361, 327609, 65535, 655361, 327610, 65535, 655361, 327611, 65535, 655361, 327610, 65534, 655361, 327612, 0, 1048577, 327604, 5, 1048580, 327605, 2, 0, 327606, 2, 0, 327604, 4, 1048576, 327605, 5, 655360, 327606, 5, 655360, 327607, 5, 655364, 327607, 2, 1441796, 327607, 3, 1441792, 327607, 4, 1441792, 327604, 3, 1048576, 327604, 2, 4, 196532, 2, 4, 196532, 3, 1048576, 196532, 4, 1048576, 196532, 5, 1048580, 196533, 2, 0, 196533, 5, 655360, 196534, 2, 0, 196534, 5, 655360, 196535, 2, 1441796, 196535, 3, 1441792, 196535, 4, 1441792, 196535, 5, 655364, 65460, 2, 4, 65460, 3, 1048576, 65460, 4, 1048576, 65460, 5, 1048580, 65461, 2, 0, 65461, 5, 655360, 65462, 2, 0, 65462, 5, 655360, 65463, 2, 1441796, 65463, 3, 1441792, 65463, 4, 1441792, 65463, 5, 655364, -65612, 2, 4, -65612, 3, 1048576, -65612, 4, 1048576, -65612, 5, 1048580, -65611, 2, 0, -65611, 5, 655360, -65610, 2, 0, -65610, 5, 655360, -65609, 2, 1441796, -65609, 3, 1441792, -65609, 4, 1441792, -65609, 5, 655364, -196684, 2, 4, -196684, 3, 1048576, -196684, 4, 1048576, -196684, 5, 1048580, -196683, 2, 0, -196683, 5, 655360, -196682, 2, 0, -196682, 5, 655360, -196681, 2, 1441796, -196681, 3, 1441792, -196681, 4, 1441792, -196681, 5, 655364, -458824, 0, 1441793, -458826, 0, 1441793, -458825, 0, 1441793, -458827, 0, 1441793, -458827, 1, 1441793, -458827, 2, 1441793, -458827, 3, 1441793, -458827, 4, 1441793, -458827, 5, 1441793, -458827, 6, 1441793, -458827, 7, 1441793, -458827, 8, 1441793, -458827, 9, 655361, -458827, 10, 1441793, -458824, 1, 1441793, -458825, 1, 1441793, -458826, 1, 1441793, -458826, 2, 1441793, -458826, 3, 1441793, -458826, 4, 1441793, -458826, 5, 1441793, -458825, 5, 1441793, -458825, 4, 1441793, -458825, 3, 1441793, -458825, 2, 1441793, -458824, 2, 1441793, -458824, 3, 1441793, -458825, 6, 1441793, -458826, 6, 1441793, -458825, 7, 1441793, -458826, 7, 1441793, -458826, 8, 1441793, -458825, 8, 1441793, -458826, 9, 1441793, -458826, 10, 1441793, -458825, 10, 1441793, -458825, 9, 1441793, -458824, 9, 1441793, -458824, 8, 1441793, -458824, 10, 1441793, -458828, 0, 655361, -458828, 1, 655361, -458828, 2, 655361, -458828, 3, 655361, -458828, 4, 655361, -458828, 5, 655361, -458828, 6, 655361, -458828, 7, 655361, -458829, 0, 655361, -458829, 1, 655361, -458829, 2, 655361, -458829, 3, 655361, -458829, 4, 655361, -458829, 5, 655361, -458829, 6, 655361, -458828, 8, 655361, -458829, 7, 655361, -458829, 8, 655361, -458829, 9, 655361, -458828, 9, 655361, -458828, 10, 655361, -458829, 10, 655361, -458824, 7, 1441793, -458824, 6, 1441793, -458824, 5, 1441793, -458824, 4, 1441793, 327611, 1, 1048580, 327612, 1, 655360, 327612, 65535, 1048577, 327611, 65534, 1048577, 327612, 65534, 1048577, 327613, 65534, 1048577, 327613, 65535, 1048577, 327613, 0, 1048577, 327614, 65535, 1048577, 327614, 0, 1048577, 327615, 0, 1048577, 327615, 1, 655360, 327614, 1, 655360, 327613, 1, 655360, 720838, 8, 131078, 720838, 9, 131078, 720838, 10, 131078, 720838, 11, 131078, 720838, 12, 131078, 720838, 13, 131078, 786374, 9, 131078, 786374, 10, 131078, 851910, 11, 131078, 851910, 12, 131078, 851910, 13, 131078, 917446, 12, 131078, 917446, 13, 1048582, 786374, 11, 131078, 786374, 13, 131078, 786374, 12, 131078, 655302, 8, 131078, 655302, 9, 131078, 655302, 10, 131078, 655302, 12, 131078, 655302, 13, 131078, 589766, 13, 131078, 589766, 14, 1441798, 589766, 15, 1441798, 589766, 16, 1441798, 589766, 17, 1441798, 589766, 18, 1441798, 655302, 14, 1441798, 655302, 15, 1441798, 655302, 18, 1441798, 720838, 14, 1441798, 720838, 15, 1441798, 655302, 16, 1441798, 655302, 17, 1441798, 720838, 16, 1441798, 720838, 17, 1441798, 720838, 18, 1441798, 786371, 17, 1048576, 786371, 15, 4, 786372, 15, 0, 786372, 17, 655361, 786371, 16, 1048576, 786372, 16, 1048577, 786373, 15, 0, 786373, 17, 655361, 786373, 16, 655361, 786374, 14, 1048582, 786374, 15, 1048582, 786374, 16, 1048582, 786374, 17, 655361, 786374, 18, 1048582, 851910, 14, 1048582, 851910, 15, 1048582, 851910, 17, 1048582, 851910, 18, 1048582, 851910, 16, 1048582, 917446, 14, 1048582, 917446, 15, 1048582, 917446, 18, 1048582, 917446, 17, 1048582, 917446, 16, 1048582, 982982, 13, 1048582, 982982, 14, 1048582, 982982, 15, 1048582, 982982, 16, 1048582, 982982, 17, 1048582, 982982, 18, 1048582, 1048518, 18, 1048582, 1048518, 17, 1048582, 1048518, 16, 1048582, 1048518, 15, 1048582, 1048518, 14, 1048582, 786371, 18, 1048580, 786372, 18, 655360, 786373, 18, 655360, 786375, 17, 655361, 786375, 80, 1048577, 786374, 80, 1048577, 786373, 80, 1048577, 786372, 80, 1048577, 786371, 80, 1048577, 786370, 80, 1048577, 786369, 80, 1441798, 786376, 80, 1048577, 786377, 80, 1048577, 786378, 80, 1048577, 786378, 81, 1048577, 786377, 81, 1048577, 786376, 81, 1048577, 786375, 81, 1048577, 786374, 81, 1048577, 786373, 81, 1048577, 786372, 81, 1048577, 786371, 81, 1048577, 786370, 81, 1048577, 786369, 81, 1441798, 786378, 82, 1048577, 786377, 82, 1048577, 786376, 82, 1048577, 786375, 82, 1048577, 786374, 82, 1048577, 786373, 82, 1048577, 786372, 82, 1048577, 786371, 82, 1048577, 786370, 82, 1048577, 786369, 82, 1441798, 786378, 83, 1048577, 786377, 83, 1048577, 786376, 83, 1048577, 786375, 83, 1048577, 786374, 83, 1048577, 786373, 83, 1048577, 786372, 83, 1048577, 786371, 83, 1048577, 786370, 83, 1048577, 786369, 83, 1441798, 786378, 84, 1048577, 786377, 84, 1048577, 786375, 84, 1048577, 786374, 84, 1048577, 786373, 84, 1048577, 786372, 84, 1048577, 786371, 84, 1048577, 786370, 84, 1048577, 786369, 84, 1441798, 786376, 84, 1048577, 851915, 80, 1048582, 851915, 81, 1048582, 851915, 82, 1048582, 851915, 83, 1048582, 851915, 84, 1048582, 851915, 85, 1048582, 851915, 86, 1048582, 851915, 87, 1048582, 851915, 88, 1048582, 851915, 89, 1048582, 851916, 89, 1048582, 851916, 90, 1048582, 851916, 91, 1048582, 851915, 90, 1048582, 917451, 80, 1048582, 917451, 81, 1048582, 917451, 82, 1048582, 917451, 83, 1048582, 917451, 84, 1048582, 917451, 85, 1048582, 917451, 86, 1048582, 917451, 87, 1048582, 917452, 87, 1048582, 917451, 88, 1048582, 917452, 88, 1048582, 917451, 89, 1048582, 917451, 90, 1048582, 982987, 80, 1048582, 982987, 81, 1048582, 982987, 82, 1048582, 982987, 83, 1048582, 982987, 84, 1048582, 982987, 85, 1048582, 982987, 86, 1048582, 982987, 87, 1048582, 982987, 88, 1048582, 982987, 89, 1048582, 982987, 90, 1048582, 1048523, 80, 1048582, 1048523, 81, 1048582, 1048523, 82, 1048582, 1048523, 83, 1048582, 1048523, 84, 1048582, 1048523, 85, 1048582, 1048523, 86, 1048582, 1048523, 87, 1048582, 1048523, 88, 1048582, 1048523, 89, 1048582, 1048523, 90, 1048582, 1114059, 81, 1048582, 1114059, 82, 1048582, 1114059, 83, 1048582, 1114059, 80, 1048582, 1114059, 84, 1048582, 1114059, 85, 1048582, 1114059, 86, 1048582, 1114059, 87, 1048582, 1114059, 88, 1048582, 1114059, 89, 1048582, 1114059, 90, 1048582, 851914, 80, 1441798, 851913, 80, 1441798, 851912, 80, 1441798, 917450, 80, 1441798, 917449, 80, 1441798, 917448, 80, 1441798, 982986, 80, 1441798, 982985, 80, 1441798, 982984, 80, 1441798, 1048522, 80, 1441798, 1048521, 80, 1441798, 1048520, 80, 1441798, 1114058, 80, 1441798, 1114057, 80, 1441798, 1114056, 80, 1441798, 851911, 80, 1441798, 917447, 80, 1441798, 982983, 80, 1441798, 1048519, 80, 1441798, 1114055, 80, 1441798, 1179591, 80, 1441798, 1179592, 80, 1441798, 1179593, 80, 1441798, 1179594, 80, 1441798, 1179595, 80, 1441798, 1179595, 81, 1441798, 1179595, 82, 1441798, 1179595, 83, 1441798, 1179595, 84, 1441798, 1179595, 85, 1441798, 1179595, 86, 1441798, 1179595, 87, 1441798, 1179595, 88, 1441798, 1179595, 89, 1441798, 786369, 85, 1441798, 786369, 86, 1441798, 786369, 87, 1441798, 786369, 88, 1441798, 786369, 89, 1441798, 786370, 85, 1048577, 786371, 85, 1048577, 786372, 85, 1048577, 786373, 85, 1048577, 786374, 85, 1048577, 786375, 85, 1048577, 786376, 85, 1048577, 786377, 85, 1048577, 786378, 85, 1048577, 786370, 86, 1048577, 786371, 86, 1048577, 786372, 86, 1048577, 786373, 86, 1048577, 786374, 86, 1048577, 786375, 86, 1048577, 786376, 86, 1048577, 786377, 86, 1048577, 786378, 87, 1048577, 786378, 86, 1048577, 786370, 87, 1048577, 786371, 87, 1048577, 786372, 87, 1048577, 786373, 87, 1048577, 786374, 87, 1048577, 786375, 87, 1048577, 786376, 87, 1048577, 786377, 87, 1048577, 786370, 88, 1048577, 786371, 88, 1048577, 786372, 88, 1048577, 786373, 88, 1048577, 786374, 88, 1048577, 786374, 89, 1048577, 786375, 89, 1048577, 786376, 89, 1048577, 786377, 89, 1048577, 786377, 88, 1048577, 786378, 88, 1048577, 786375, 88, 1048577, 786376, 88, 1048577, 786370, 89, 1048577, 786371, 89, 1048577, 786372, 89, 1048577, 786373, 89, 1048577, 786378, 89, 1048577, 786379, 89, 1048577, 786370, 90, 1048577, 786371, 90, 1048577, 786372, 90, 1048577, 786373, 90, 1048577, 786374, 90, 1048577, 786375, 90, 1048577, 786376, 90, 1048577, 786377, 90, 1048577, 786378, 90, 1048577, 786370, 91, 1048577, 786371, 91, 1048577, 786372, 92, 1048577, 786373, 92, 1048577, 786374, 92, 1048577, 786375, 92, 1048577, 786376, 92, 1048577, 786377, 92, 1048577, 786377, 91, 1048577, 786378, 91, 1048577, 786376, 91, 1048577, 786375, 91, 1048577, 786374, 91, 1048577, 786373, 91, 1048577, 786372, 91, 1048577, 786370, 92, 1048577, 786371, 92, 1048577, 786378, 92, 1048577, 786370, 93, 1048577, 786370, 94, 1048577, 786370, 95, 1048577, 786370, 96, 1048577, 786371, 96, 1048577, 786371, 95, 1048577, 786371, 94, 1048577, 786371, 93, 1048577, 786372, 93, 1048577, 786372, 94, 1048577, 786372, 95, 1048577, 786372, 96, 1048577, 786372, 97, 1048577, 786371, 97, 1048577, 786370, 97, 1048577, 786372, 98, 1048577, 786371, 98, 1048577, 786370, 98, 1048577, 786377, 93, 1048577, 786375, 93, 1048577, 786374, 93, 1048577, 786373, 93, 1048577, 786376, 93, 1048577, 786376, 94, 1048577, 786375, 94, 1048577, 786374, 94, 1048577, 786373, 94, 1048577, 786375, 95, 1048577, 786374, 95, 1048577, 786373, 95, 1048577, 786374, 96, 1048577, 786373, 96, 1048577, 786373, 97, 1048577, 851907, 80, 655366, 851906, 80, 655366, 851905, 80, 655366, 917443, 80, 655366, 917442, 80, 655366, 982979, 80, 655366, 982978, 80, 655366, 917441, 80, 655366, 982977, 80, 655366, 851905, 81, 655366, 851905, 82, 655366, 851905, 83, 655366, 851905, 84, 655366, 851905, 85, 655366, 851905, 86, 655366, 851905, 87, 655366, 851905, 88, 655366, 917441, 81, 655366, 917441, 82, 655366, 917441, 83, 655366, 917441, 84, 655366, 917441, 85, 655366, 917441, 86, 655366, 917441, 87, 655366)
}
metadata/_editor_floor_ = Vector3(0, 13, 0)

[node name="S_Platform" parent="." instance=ExtResource("3_jvudy")]
transform = Transform3D(1, 0, 0, 0, 0.887711, -0.460401, 0, 0.460401, 0.887711, -9.80662, 1.06922, 0.741845)

[node name="S_Platform2" parent="." instance=ExtResource("3_jvudy")]
transform = Transform3D(0.779043, -0.288658, -0.556569, 0, 0.887711, -0.460401, 0.626971, 0.358672, 0.691565, -8.41357, -0.805212, -5.88018)

[node name="S_Platform3" parent="." instance=ExtResource("3_jvudy")]
transform = Transform3D(0.450985, 0.556737, -0.697608, -0.635232, 0.749265, 0.187302, 0.626971, 0.358672, 0.691565, -5.80717, -2.75798, -7.15425)

[node name="S_Platform10" parent="." instance=ExtResource("3_jvudy")]
transform = Transform3D(-0.651661, -0.389827, -0.650672, -0.635232, 0.749265, 0.187302, 0.414511, 0.535385, -0.735897, 7.80385, -2.75798, -7.15425)

[node name="S_Platform11" parent="." instance=ExtResource("3_jvudy")]
transform = Transform3D(-0.651661, -0.389827, -0.650672, -0.635232, 0.749265, 0.187302, 0.414511, 0.535385, -0.735897, 7.80385, -11.9664, -7.15425)

[node name="S_Platform20" parent="." instance=ExtResource("3_jvudy")]
transform = Transform3D(-0.651661, -0.389827, -0.650672, -0.635232, 0.749265, 0.187302, 0.414511, 0.535385, -0.735897, 22.0101, -6.49037, -7.15425)

[node name="S_Platform21" parent="." instance=ExtResource("3_jvudy")]
transform = Transform3D(-0.930701, 0.0729334, 0.358436, 0.21268, 0.905152, 0.36806, -0.297595, 0.418786, -0.857937, 25.7778, -2.94671, -7.15425)

[node name="S_Platform12" parent="." instance=ExtResource("3_jvudy")]
transform = Transform3D(-0.651661, -0.389827, -0.650672, 0.159022, 0.76855, -0.619712, 0.741654, -0.507313, -0.438843, -1.46414, -10.961, -7.15425)

[node name="S_Platform4" parent="." instance=ExtResource("3_jvudy")]
transform = Transform3D(-0.30705, -0.0224805, -0.951428, -0.379601, 0.919645, 0.100777, 0.87271, 0.392107, -0.290911, -3.18853, 0.859307, -0.614839)

[node name="S_Platform5" parent="." instance=ExtResource("3_jvudy")]
transform = Transform3D(-0.30705, -0.0224806, -0.951428, 0.313254, 0.941625, -0.123344, 0.898661, -0.335912, -0.282084, -2.17762, 1.17076, 2.3405)

[node name="S_Platform6" parent="." instance=ExtResource("3_jvudy")]
transform = Transform3D(-0.30705, -0.0224806, -0.951428, 0.125629, 0.990015, -0.0639359, 0.943365, -0.139158, -0.30116, -0.872034, 1.51731, 2.3405)

[node name="S_Platform7" parent="." instance=ExtResource("3_jvudy")]
transform = Transform3D(-0.30705, -0.0224806, -0.951428, 0.125629, 0.990015, -0.0639359, 0.943365, -0.139158, -0.30116, 3.71585, 1.51731, -0.413642)

[node name="S_Platform8" parent="." instance=ExtResource("3_jvudy")]
transform = Transform3D(-0.30705, -0.0224806, -0.951428, -0.244447, 0.968043, 0.0560162, 0.919764, 0.249773, -0.302733, 4.50398, 1.59888, 1.08639)

[node name="S_Platform9" parent="." instance=ExtResource("3_jvudy")]
transform = Transform3D(-0.30705, -0.0224806, -0.951428, 0.523674, 0.830773, -0.188633, 0.794661, -0.556157, -0.243317, 6.49927, 1.59888, 2.97202)

[node name="S_Platform14" parent="." instance=ExtResource("3_jvudy")]
transform = Transform3D(1, 0, 0, 0, 1, 0, 0, 0, 1, 7.92732, 1.08665, 0.617731)

[node name="S_Platform15" parent="." instance=ExtResource("3_jvudy")]
transform = Transform3D(0.875566, 0, -0.483099, 0, 1, 0, 0.483099, 0, 0.875566, 12.4265, 1.08665, 0.473631)

[node name="S_Platform16" parent="." instance=ExtResource("3_jvudy")]
transform = Transform3D(0.875566, 0, -0.483099, 0, 1, 0, 0.483099, 0, 0.875566, 13.7147, 1.32195, 0.473631)

[node name="S_Platform17" parent="." instance=ExtResource("3_jvudy")]
transform = Transform3D(0.939527, -0.341251, -0.0289223, 0.339381, 0.93904, -0.0549994, 0.0459278, 0.0418578, 0.998067, 15.5045, 1.81302, -0.752412)

[node name="S_Platform19" parent="." instance=ExtResource("3_jvudy")]
transform = Transform3D(0.939527, -0.341251, -0.0289223, 0.301923, 0.865183, -0.400376, 0.161652, 0.367431, 0.915894, 18.4447, 5.3356, -2.34562)

[node name="S_HookTarget" parent="." instance=ExtResource("4_ak558")]
transform = Transform3D(1, 0, 0, 0, 1, 0, 0, 0, 1, 1.12436, 2.44084, 1.4507)

[node name="S_HookTarget2" parent="." instance=ExtResource("4_ak558")]
transform = Transform3D(1, 0, 0, 0, 1, 0, 0, 0, 1, 10.7295, 2.047, -0.288056)

[node name="Danger_Area" parent="." instance=ExtResource("5_7gst4")]

[node name="triggerCollision" parent="Danger_Area" index="0"]
transform = Transform3D(1, 0, 0, 0, 1, 0, 0, 0, 1, 0, -6.8742, 0)
shape = SubResource("BoxShape3D_74mnf")

[node name="Asending_Platform" parent="." instance=ExtResource("6_5l8ve")]
transform = Transform3D(0.893742, -0.0317479, -0.447456, -0.19391, 0.872138, -0.449192, 0.404504, 0.488228, 0.773311, 28.876, 0, -10.0348)

[node name="endPos" parent="Asending_Platform" index="1"]
transform = Transform3D(1, 0, 0, 0, 1, 0, 0, 0, 1, -1.728, 8.039, 0.6)

[node name="startPos" parent="Asending_Platform" index="2"]
transform = Transform3D(1, 0, 0, 0, 1, 0, 0, 0, 1, -0.413, -14.975, 0.6)

[node name="Asending_Platform2" parent="." instance=ExtResource("6_5l8ve")]
transform = Transform3D(0.626108, 0.462525, 0.627742, -0.19391, 0.872138, -0.449193, -0.755241, 0.159518, 0.635741, 12.664, 0, -10.0348)

[node name="endPos" parent="Asending_Platform2" index="1"]
transform = Transform3D(1, 0, 0, 0, 1, 0, 0, 0, 1, -1.728, 8.039, 0.6)

[node name="startPos" parent="Asending_Platform2" index="2"]
transform = Transform3D(1, -7.45058e-09, -2.98023e-08, 7.45058e-09, 1, -7.45058e-08, 0, 0, 1, 2.31291, -27.2352, 6.91459)

[node name="Asending_Platform3" parent="." instance=ExtResource("6_5l8ve")]
transform = Transform3D(0.626108, 0.462525, 0.627742, -0.19391, 0.872138, -0.449193, -0.755241, 0.159518, 0.635741, -1.39132, -3.5951, -10.0348)

[node name="endPos" parent="Asending_Platform3" index="1"]
transform = Transform3D(1, -7.45058e-09, -2.98023e-08, 7.45058e-09, 1, -7.45058e-08, 0, 0, 1, -4.10326, 18.7221, -4.90229)

[node name="startPos" parent="Asending_Platform3" index="2"]
transform = Transform3D(1, -7.45058e-09, -2.98023e-08, 7.45058e-09, 1, -7.45058e-08, 0, 0, 1, 2.13018, -26.4133, 6.49129)

[node name="move_timer" parent="Asending_Platform3" index="4"]
wait_time = 10.0

[node name="S_Platform13" parent="." instance=ExtResource("3_jvudy")]
transform = Transform3D(0.892373, -0.157458, 0.422939, 0, 0.93716, 0.348899, -0.451298, -0.311348, 0.836297, 32.6245, 2.68188, 1.906)

[node name="S_Platform18" parent="." instance=ExtResource("3_jvudy")]
transform = Transform3D(0.892373, -0.157458, 0.422939, 0.175546, 0.984464, -0.00387993, -0.415757, 0.0777074, 0.90615, 34.5283, 3.58726, 2.87874)

[node name="S_Platform22" parent="." instance=ExtResource("3_jvudy")]
transform = Transform3D(0.892373, -0.157458, 0.422939, 0.175546, 0.984464, -0.00387993, -0.415757, 0.0777074, 0.90615, 34.5283, 3.58726, 2.87874)

[node name="S_rotate_camera" parent="." instance=ExtResource("7_ivvlo")]
transform = Transform3D(1, 0, 0, 0, 1, 0, 0, 0, 1, 34.6797, 4.11337, 2.95481)
angle = -90

[node name="CollisionShape3D" parent="S_rotate_camera" index="0"]
transform = Transform3D(1, 0, 0, 0, 1, 0, 0, 0, 1, 0, 0.297051, 0.117606)
shape = SubResource("BoxShape3D_w4ysy")

[node name="S_Platform23" parent="." instance=ExtResource("3_jvudy")]
transform = Transform3D(1, 0, 0, 0, 1, 0, 0, 0, 1, 34.1866, 5.51962, 9.96621)
mode = 2

[node name="S_Platform24" parent="." instance=ExtResource("3_jvudy")]
transform = Transform3D(1, 0, 0, 0, 1, 0, 0, 0, 1, 34.1866, 5.51962, 11.4232)
mode = 2

[node name="S_Platform25" parent="." instance=ExtResource("3_jvudy")]
transform = Transform3D(1, 0, 0, 0, 1, 0, 0, 0, 1, 34.1866, 5.51962, 12.8914)
mode = 2

[node name="S_Platform26" parent="." instance=ExtResource("3_jvudy")]
transform = Transform3D(1, 0, 0, 0, 1, 0, 0, 0, 1, 34.1866, 5.51962, 12.8914)
mode = 2

[node name="S_Platform27" parent="." instance=ExtResource("3_jvudy")]
transform = Transform3D(0.973171, -0.230084, 0, 0.230084, 0.973171, 0, 0, 0, 1, 36.0683, 5.51962, 15.3033)
mode = 2

[node name="S_Platform28" parent="." instance=ExtResource("3_jvudy")]
transform = Transform3D(0.886474, 0.237779, 0.39702, -0.259072, 0.965858, 0, -0.383465, -0.102857, 0.91781, 33.3967, 5.51962, 17.682)
mode = 2

[node name="S_Platform29" parent="." instance=ExtResource("3_jvudy")]
transform = Transform3D(1, 0, 0, 0, 1, 0, 0, 0, 1, 34.5375, 5.51962, 20.0973)
mode = 2

[node name="S_Platform30" parent="." instance=ExtResource("3_jvudy")]
transform = Transform3D(1, 0, 0, 0, 1, 0, 0, 0, 1, 36.0047, 5.51962, 20.0973)
mode = 2

[node name="S_Platform31" parent="." instance=ExtResource("3_jvudy")]
transform = Transform3D(1, 0, 0, 0, 1, 0, 0, 0, 1, 37.4409, 5.51962, 20.0973)
mode = 2

[node name="S_Platform32" parent="." instance=ExtResource("3_jvudy")]
transform = Transform3D(1, 0, 0, 0, 1, 0, 0, 0, 1, 37.4409, 5.51962, 21.5519)
mode = 2

[node name="S_Platform33" parent="." instance=ExtResource("3_jvudy")]
transform = Transform3D(1, 0, 0, 0, 1, 0, 0, 0, 1, 37.4409, 5.51962, 23.0102)
mode = 2

[node name="S_Platform34" parent="." instance=ExtResource("3_jvudy")]
transform = Transform3D(1, 0, 0, 0, 1, 0, 0, 0, 1, 37.4409, 5.51962, 24.4481)

[node name="S_Platform35" parent="." instance=ExtResource("3_jvudy")]
transform = Transform3D(1, 0, 0, 0, 1, 0, 0, 0, 1, 37.4409, 5.51962, 29.8853)
mode = 2

[node name="S_Platform36" parent="." instance=ExtResource("3_jvudy")]
transform = Transform3D(1, 0, 0, 0, 1, 0, 0, 0, 1, 37.4409, 5.51962, 31.3207)
mode = 2

[node name="S_Platform37" parent="." instance=ExtResource("3_jvudy")]
transform = Transform3D(1, 0, 0, 0, 1, 0, 0, 0, 1, 35.9971, 5.51962, 31.3207)
mode = 2

[node name="S_Platform38" parent="." instance=ExtResource("3_jvudy")]
transform = Transform3D(1, 0, 0, 0, 1, 0, 0, 0, 1, 34.51, 5.51962, 31.3207)
mode = 2

[node name="S_Platform39" parent="." instance=ExtResource("3_jvudy")]
transform = Transform3D(1, 0, 0, 0, 1, 0, 0, 0, 1, 34.51, 5.51962, 32.7843)
mode = 2

[node name="S_Platform40" parent="." instance=ExtResource("3_jvudy")]
transform = Transform3D(1, 0, 0, 0, 1, 0, 0, 0, 1, 34.51, 5.51962, 34.2252)
mode = 2

[node name="S_Platform41" parent="." instance=ExtResource("3_jvudy")]
transform = Transform3D(1, 0, 0, 0, 1, 0, 0, 0, 1, 34.51, 5.51962, 35.6732)
mode = 2

[node name="S_Platform42" parent="." instance=ExtResource("3_jvudy")]
transform = Transform3D(1, 0, 0, 0, 1, 0, 0, 0, 1, 34.51, 5.51962, 37.1467)
mode = 2

[node name="S_Platform43" parent="." instance=ExtResource("3_jvudy")]
transform = Transform3D(1, 0, 0, 0, 1, 0, 0, 0, 1, 34.51, 5.51962, 38.6039)
mode = 2

[node name="S_HookTarget3" parent="." instance=ExtResource("4_ak558")]
transform = Transform3D(1, 0, 0, 0, 1, 0, 0, 0, 1, 37.6173, 6.29475, 27.0239)

[node name="S_rotate_camera2" parent="." instance=ExtResource("7_ivvlo")]
transform = Transform3D(1, 0, 0, 0, 1, 0, 0, 0, 1, 33.9485, 6.83726, 41.146)
angle = -90

[node name="CollisionShape3D" parent="S_rotate_camera2" index="0"]
transform = Transform3D(1, 0, 0, 0, 1, 0, 0, 0, 1, 1.58268, -0.900061, 0)
shape = SubResource("BoxShape3D_3eqrp")

[node name="multi_Switch_Manager" parent="." instance=ExtResource("8_ek08c")]
transform = Transform3D(1, 0, 0, 0, 1, 0, 0, 0, 1, 43.7854, 3.62036, 12.8649)
timerDuration = 20.0

[node name="S_Platform44" parent="multi_Switch_Manager/activateChildren" index="0" instance=ExtResource("3_jvudy")]
transform = Transform3D(1, 0, 0, 0, -4.37114e-08, 1, 0, -1, -4.37114e-08, -9.10743, 2.93031, 27.6209)

[node name="StartPos" parent="multi_Switch_Manager/activateChildren/S_Platform44" index="1"]
transform = Transform3D(1, 0, 0, 0, 1, 0, 0, 0, 1, 0, 0, 2.56879)

[node name="multiSwitch" parent="multi_Switch_Manager" instance=ExtResource("9_b715d")]
transform = Transform3D(1, 0, 0, 0, 1, 0, 0, 0, 1, -7.06289, 2.71741, -0.574588)

[node name="multiSwitch2" parent="multi_Switch_Manager" instance=ExtResource("9_b715d")]
transform = Transform3D(1, 0, 0, 0, 1, 0, 0, 0, 1, -9.53539, 2.71741, 9.73415)

[node name="multiSwitch3" parent="multi_Switch_Manager" instance=ExtResource("9_b715d")]
transform = Transform3D(1, 0, 0, 0, 1, 0, 0, 0, 1, -6.66928, 2.71741, 22.3589)

[node name="S_Platform44" parent="." instance=ExtResource("3_jvudy")]
transform = Transform3D(0.25, 0, 0, 0, 0.25, 0, 0, 0, 0.25, 36.6702, 6.07892, 12.2259)

[node name="S_Platform45" parent="." instance=ExtResource("3_jvudy")]
transform = Transform3D(0.25, 0, 0, 0, 0.25, 0, 0, 0, 0.25, 34.1924, 6.07892, 22.5364)

[node name="S_Platform46" parent="." instance=ExtResource("3_jvudy")]
transform = Transform3D(0.25, 0, 0, 0, 0.25, 0, 0, 0, 0.25, 37.054, 6.07892, 35.1551)

[node name="S_Platform48" parent="." instance=ExtResource("3_jvudy")]
transform = Transform3D(0.700894, -0.542749, 0.462786, 0.612259, 0.790658, 0, -0.365905, 0.283344, 0.88647, 43.8371, 3.4508, 22.7142)

[node name="S_Platform49" parent="." instance=ExtResource("3_jvudy")]
transform = Transform3D(0.700894, -0.542749, 0.462786, 0.175321, 0.760015, 0.625811, -0.691382, -0.357491, 0.627846, 43.8371, -4.64982, 31.4947)

[node name="S_Platform50" parent="." instance=ExtResource("3_jvudy")]
transform = Transform3D(0.915644, -0.359438, 0.180002, 0.175321, 0.760015, 0.625811, -0.361745, -0.541462, 0.75892, 43.8371, 4.10593, 42.1214)

[node name="S_Platform51" parent="." instance=ExtResource("3_jvudy")]
transform = Transform3D(0.915644, -0.359438, 0.180002, 0.175321, 0.760015, 0.625811, -0.361745, -0.541462, 0.75892, 49.3073, -15.3802, 23.6089)

[node name="Asending_Platform4" parent="." instance=ExtResource("6_5l8ve")]
transform = Transform3D(0.89318, -0.438551, -0.0995108, 0.39855, 0.66947, 0.626871, -0.208295, -0.599569, 0.772742, 49.6262, 0, 35.0261)

[node name="endPos" parent="Asending_Platform4" index="1"]
transform = Transform3D(1, 0, -8.9407e-08, 1.49012e-08, 1, 2.98023e-08, 2.68221e-07, 0, 1, 3.818, 10.764, 2.5991)

[node name="startPos" parent="Asending_Platform4" index="2"]
transform = Transform3D(1, 0, -4.47035e-08, 2.23517e-08, 1, 2.98023e-08, 1.3411e-07, 0, 1, -9.39015, -15.5243, -1.03202)

[node name="Asending_Platform5" parent="." instance=ExtResource("6_5l8ve")]
transform = Transform3D(0.890419, -0.263655, -0.370998, 0, 0.815128, -0.579281, 0.455141, 0.515803, 0.725806, 48.0241, -1.19713, 11.1769)

[node name="endPos" parent="Asending_Platform5" index="1"]
transform = Transform3D(0.999999, 0, 2.98023e-08, -4.47035e-08, 1, 0, -5.96046e-08, -2.98023e-08, 1, -0.693047, 7.82329, -2.82136)

[node name="startPos" parent="Asending_Platform5" index="2"]
transform = Transform3D(1, 0, 2.98023e-08, -2.98023e-08, 1, 0, 0, -2.98023e-08, 1, -1.58695, -6.40389, 5.14157)

[editable path="Danger_Area"]
[editable path="Asending_Platform"]
[editable path="Asending_Platform2"]
[editable path="Asending_Platform3"]
[editable path="S_rotate_camera"]
[editable path="S_Platform23"]
[editable path="S_Platform24"]
[editable path="S_Platform25"]
[editable path="S_Platform26"]
[editable path="S_Platform27"]
[editable path="S_Platform28"]
[editable path="S_Platform29"]
[editable path="S_Platform30"]
[editable path="S_Platform31"]
[editable path="S_Platform32"]
[editable path="S_Platform33"]
[editable path="S_Platform34"]
[editable path="S_Platform35"]
[editable path="S_Platform36"]
[editable path="S_Platform37"]
[editable path="S_Platform38"]
[editable path="S_Platform39"]
[editable path="S_Platform40"]
[editable path="S_Platform41"]
[editable path="S_Platform42"]
[editable path="S_Platform43"]
[editable path="S_rotate_camera2"]
[editable path="multi_Switch_Manager"]
[editable path="multi_Switch_Manager/activateChildren/S_Platform44"]
[editable path="Asending_Platform4"]
[editable path="Asending_Platform5"]
